-------------------------------------------------------------------------------------------------------------------
Last Name     First Name                                   Score                                           Average
-------------------------------------------------------------------------------------------------------------------
Jordan        Herrera          25.0   30.0   52.0   60.0   70.0   80.0   90.0  100.0   80.0   10.0          59.7
Betty         Price            50.0    0.0   70.0   60.0   50.0   40.0   30.0   70.0   90.0   60.0          52.0
John          Good             70.0   80.0   50.0   60.0   90.0  100.0   90.0   80.0    0.0   15.0          63.5
Charles       Smith             0.0   90.0   60.0   70.0   60.0   80.0   90.0   90.0   90.0   70.0          70.0
Andy          Raymond          70.0   80.0   90.0    0.0   80.0   90.0   60.0   70.0   60.0   70.0          67.0
Judah         Robinson         10.0   20.0   30.0   40.0   50.0   60.0   70.0   80.0   90.0   60.0          51.0
Eli           Alfred           45.0   74.0   40.0   62.0   44.0   70.0   66.0   87.0   83.0   60.0          63.1
Derek         Lyons            50.0   59.0   84.0   71.0   62.0   57.0   86.0   52.0   95.0   63.0          67.9
Juan          Davila           86.0   41.0   51.0   44.0   55.0   96.0   60.0   90.0   95.0   48.0          66.6
Cherry        Goldsmith        93.0   66.0   55.0   52.0   40.0   83.0   42.0   54.0   56.0   88.0          62.9
Tyrell        Burgess          41.0   61.0   82.0   68.0   89.0   80.0   98.0   73.0   49.0   88.0          72.9
-------------------------------------------------------------------------------------------------------------------
